51
13
1
81
89
14
98
76
85
77
23
89
21
26
27
99
99
59
94
8
90
66
49
96
6
13
97
46
73
24
59
45
8
30
92
37
85
32
71
52
55
32
97
12
34
9
100
29
7
84
46
33
20
21
48
86
65
6
75
77
18
52
4
62
18
78
82
91
35
91
14
68
89
43
53
58
69
37
63
97
13
68
40
89
78
27
25
87
83
7
73
80
57
94
34
4
28
36
95
56
28
10
95
17
70
79
44
78
68
90
17
29
43
79
64
51
12
16
84
92
54
96
9
29
19
35
11
95
9
50
30
34
42
8
70
4
74
24
19
100
83
47
19
94
91
45
38
79
31
84
92
13
52
3
2
33
2
67
99
36
69
50
70
19
60
83
87
36
9
61
78
89
97
85
10
8
77
16
38
75
98
32
65
25
59
18
83
40
6
38
3
7
26
84
31
34
77
1
34
8
58
